== Reveal Analyzer Waveform Dump File ==

Date         Sun Aug 20 17:23:11 2017
Version      Reveal Analyzer
Timescale    N/A
Scope Module Dev[0] Core[top_LA0]

Trigger Events : 256
Trigger Positions : 0 0 0 0 0 0 0 0 0 0 0 0 0 0 0 0 0 0 0 0 0 0 0 0 0 0 0 0 0 0 0 0 0 0 0 0 0 0 0 0 0 0 0 0 0 0 0 0 0 0 0 0 0 0 0 0 0 0 0 0 0 0 0 0 0 0 0 0 0 0 0 0 0 0 0 0 0 0 0 0 0 0 0 0 0 0 0 0 0 0 0 0 0 0 0 0 0 0 0 0 0 0 0 0 0 0 0 0 0 0 0 0 0 0 0 0 0 0 0 0 0 0 0 0 0 0 0 0 0 0 0 0 0 0 0 0 0 0 0 0 0 0 0 0 0 0 0 0 0 0 0 0 0 0 0 0 0 0 0 0 0 0 0 0 0 0 0 0 0 0 0 0 0 0 0 0 0 0 0 0 0 0 0 0 0 0 0 0 0 0 0 0 0 0 0 0 0 0 0 0 0 0 0 0 0 0 0 0 0 0 0 0 0 0 0 0 0 0 0 0 0 0 0 0 0 0 0 0 0 0 0 0 0 0 0 0 0 0 0 0 0 0 0 0 0 0 0 0 0 0 0 0 0 0 0 0

 =========================================
     ps     spi_controller_inst/read_data_0
     delta
t     0 +0 00000000000000000000000000000000  
      1 +0 00000000000000000000000000000000  
      2 +0 00000000000000000000000000000000  
      3 +0 00000000000000000000000000000000  
      4 +0 00000000000000000000000000000000  
      5 +0 00000000000000000000000000000000  
      6 +0 00000000000000000000000000000000  
      7 +0 00000000000000000000000000000000  
t     8 +0 11100001000111100011110010000100  
      9 +0 11100001000111100011110010000100  
     10 +0 11100001000111100011110010000100  
     11 +0 11100001000111100011110010000100  
     12 +0 11100001000111100011110010000100  
     13 +0 11100001000111100011110010000100  
     14 +0 11100001000111100011110010000100  
     15 +0 11100001000111100011110010000100  
t    16 +0 11001000011001110011111010001000  
     17 +0 11001000011001110011111010001000  
     18 +0 11001000011001110011111010001000  
     19 +0 11001000011001110011111010001000  
     20 +0 11001000011001110011111010001000  
     21 +0 11001000011001110011111010001000  
     22 +0 11001000011001110011111010001000  
     23 +0 11001000011001110011111010001000  
t    24 +0 01101110011001110011111010000101  
     25 +0 01101110011001110011111010000101  
     26 +0 01101110011001110011111010000101  
     27 +0 01101110011001110011111010000101  
     28 +0 01101110011001110011111010000101  
     29 +0 01101110011001110011111010000101  
     30 +0 01101110011001110011111010000101  
     31 +0 01101110011001110011111010000101  
t    32 +0 11100101011001110011111010000000  
     33 +0 11100101011001110011111010000000  
     34 +0 11100101011001110011111010000000  
     35 +0 11100101011001110011111010000000  
     36 +0 11100101011001110011111010000000  
     37 +0 11100101011001110011111010000000  
     38 +0 11100101011001110011111010000000  
     39 +0 11100101011001110011111010000000  
t    40 +0 01011011011010000011111010000100  
     41 +0 01011011011010000011111010000100  
     42 +0 01011011011010000011111010000100  
     43 +0 01011011011010000011111010000100  
     44 +0 01011011011010000011111010000100  
     45 +0 01011011011010000011111010000100  
     46 +0 01011011011010000011111010000100  
     47 +0 01011011011010000011111010000100  
t    48 +0 10110110011001110011111010001101  
     49 +0 10110110011001110011111010001101  
     50 +0 10110110011001110011111010001101  
     51 +0 10110110011001110011111010001101  
     52 +0 10110110011001110011111010001101  
     53 +0 10110110011001110011111010001101  
     54 +0 10110110011001110011111010001101  
     55 +0 10110110011001110011111010001101  
t    56 +0 11110111011001110011111010001010  
     57 +0 11110111011001110011111010001010  
     58 +0 11110111011001110011111010001010  
     59 +0 11110111011001110011111010001010  
     60 +0 11110111011001110011111010001010  
     61 +0 11110111011001110011111010001010  
     62 +0 11110111011001110011111010001010  
     63 +0 11110111011001110011111010001010  
t    64 +0 11101100011001110011111010000010  
     65 +0 11101100011001110011111010000010  
     66 +0 11101100011001110011111010000010  
     67 +0 11101100011001110011111010000010  
     68 +0 11101100011001110011111010000010  
     69 +0 11101100011001110011111010000010  
     70 +0 11101100011001110011111010000010  
     71 +0 11101100011001110011111010000010  
t    72 +0 11001110011001110011111010001110  
     73 +0 11001110011001110011111010001110  
     74 +0 11001110011001110011111010001110  
     75 +0 11001110011001110011111010001110  
     76 +0 11001110011001110011111010001110  
     77 +0 11001110011001110011111010001110  
     78 +0 11001110011001110011111010001110  
     79 +0 11001110011001110011111010001110  
t    80 +0 10110011011001100011111010000011  
     81 +0 10110011011001100011111010000011  
     82 +0 10110011011001100011111010000011  
     83 +0 10110011011001100011111010000011  
     84 +0 10110011011001100011111010000011  
     85 +0 10110011011001100011111010000011  
     86 +0 10110011011001100011111010000011  
     87 +0 10110011011001100011111010000011  
t    88 +0 00110100011001110011111010001010  
     89 +0 00110100011001110011111010001010  
     90 +0 00110100011001110011111010001010  
     91 +0 00110100011001110011111010001010  
     92 +0 00110100011001110011111010001010  
     93 +0 00110100011001110011111010001010  
     94 +0 00110100011001110011111010001010  
     95 +0 00110100011001110011111010001010  
t    96 +0 00110111011001110011111010001111  
     97 +0 00110111011001110011111010001111  
     98 +0 00110111011001110011111010001111  
     99 +0 00110111011001110011111010001111  
    100 +0 00110111011001110011111010001111  
    101 +0 00110111011001110011111010001111  
    102 +0 00110111011001110011111010001111  
    103 +0 00110111011001110011111010001111  
t   104 +0 00011110011010000011111010000100  
    105 +0 00011110011010000011111010000100  
    106 +0 00011110011010000011111010000100  
    107 +0 00011110011010000011111010000100  
    108 +0 00011110011010000011111010000100  
    109 +0 00011110011010000011111010000100  
    110 +0 00011110011010000011111010000100  
    111 +0 00011110011010000011111010000100  
t   112 +0 00000100011010000011111010001011  
    113 +0 00000100011010000011111010001011  
    114 +0 00000100011010000011111010001011  
    115 +0 00000100011010000011111010001011  
    116 +0 00000100011010000011111010001011  
    117 +0 00000100011010000011111010001011  
    118 +0 00000100011010000011111010001011  
    119 +0 00000100011010000011111010001011  
t   120 +0 01110011011001100011111010001100  
    121 +0 01110011011001100011111010001100  
    122 +0 01110011011001100011111010001100  
    123 +0 01110011011001100011111010001100  
    124 +0 01110011011001100011111010001100  
    125 +0 01110011011001100011111010001100  
    126 +0 01110011011001100011111010001100  
    127 +0 01110011011001100011111010001100  
t   128 +0 01011001011001110011111010001000  
    129 +0 01011001011001110011111010001000  
    130 +0 01011001011001110011111010001000  
    131 +0 01011001011001110011111010001000  
    132 +0 01011001011001110011111010001000  
    133 +0 01011001011001110011111010001000  
    134 +0 01011001011001110011111010001000  
    135 +0 01011001011001110011111010001000  
t   136 +0 00011011011001110011111010001111  
    137 +0 00011011011001110011111010001111  
    138 +0 00011011011001110011111010001111  
    139 +0 00011011011001110011111010001111  
    140 +0 00011011011001110011111010001111  
    141 +0 00011011011001110011111010001111  
    142 +0 00011011011001110011111010001111  
    143 +0 00011011011001110011111010001111  
t   144 +0 00101110011010000011111010001101  
    145 +0 00101110011010000011111010001101  
    146 +0 00101110011010000011111010001101  
    147 +0 00101110011010000011111010001101  
    148 +0 00101110011010000011111010001101  
    149 +0 00101110011010000011111010001101  
    150 +0 00101110011010000011111010001101  
    151 +0 00101110011010000011111010001101  
t   152 +0 01011101011001110011111010000010  
    153 +0 01011101011001110011111010000010  
    154 +0 01011101011001110011111010000010  
    155 +0 01011101011001110011111010000010  
    156 +0 01011101011001110011111010000010  
    157 +0 01011101011001110011111010000010  
    158 +0 01011101011001110011111010000010  
    159 +0 01011101011001110011111010000010  
t   160 +0 01000001011001110011111010000101  
    161 +0 01000001011001110011111010000101  
    162 +0 01000001011001110011111010000101  
    163 +0 01000001011001110011111010000101  
    164 +0 01000001011001110011111010000101  
    165 +0 01000001011001110011111010000101  
    166 +0 01000001011001110011111010000101  
    167 +0 01000001011001110011111010000101  
t   168 +0 10011101011001110011111010001100  
    169 +0 10011101011001110011111010001100  
    170 +0 10011101011001110011111010001100  
    171 +0 10011101011001110011111010001100  
    172 +0 10011101011001110011111010001100  
    173 +0 10011101011001110011111010001100  
    174 +0 10011101011001110011111010001100  
    175 +0 10011101011001110011111010001100  
t   176 +0 00000000000000000000000000000000  
    177 +0 00000000000000000000000000000000  
    178 +0 00000000000000000000000000000000  
    179 +0 00000000000000000000000000000000  
    180 +0 00000000000000000000000000000000  
    181 +0 00000000000000000000000000000000  
    182 +0 00000000000000000000000000000000  
    183 +0 00000000000000000000000000000000  
t   184 +0 01111110011001100011111010000001  
    185 +0 01111110011001100011111010000001  
    186 +0 01111110011001100011111010000001  
    187 +0 01111110011001100011111010000001  
    188 +0 01111110011001100011111010000001  
    189 +0 01111110011001100011111010000001  
    190 +0 01111110011001100011111010000001  
    191 +0 01111110011001100011111010000001  
t   192 +0 10100010011001100011111010000100  
    193 +0 10100010011001100011111010000100  
    194 +0 10100010011001100011111010000100  
    195 +0 10100010011001100011111010000100  
    196 +0 10100010011001100011111010000100  
    197 +0 10100010011001100011111010000100  
    198 +0 10100010011001100011111010000100  
    199 +0 10100010011001100011111010000100  
t   200 +0 01000010011001110011111010000001  
    201 +0 01000010011001110011111010000001  
    202 +0 01000010011001110011111010000001  
    203 +0 01000010011001110011111010000001  
    204 +0 01000010011001110011111010000001  
    205 +0 01000010011001110011111010000001  
    206 +0 01000010011001110011111010000001  
    207 +0 01000010011001110011111010000001  
t   208 +0 00011000011001110011111010000110  
    209 +0 00011000011001110011111010000110  
    210 +0 00011000011001110011111010000110  
    211 +0 00011000011001110011111010000110  
    212 +0 00011000011001110011111010000110  
    213 +0 00011000011001110011111010000110  
    214 +0 00011000011001110011111010000110  
    215 +0 00011000011001110011111010000110  
t   216 +0 10110110011001110011111010000000  
    217 +0 10110110011001110011111010000000  
    218 +0 10110110011001110011111010000000  
    219 +0 10110110011001110011111010000000  
    220 +0 10110110011001110011111010000000  
    221 +0 10110110011001110011111010000000  
    222 +0 10110110011001110011111010000000  
    223 +0 10110110011001110011111010000000  
t   224 +0 11100010011001110011111010000010  
    225 +0 11100010011001110011111010000010  
    226 +0 11100010011001110011111010000010  
    227 +0 11100010011001110011111010000010  
    228 +0 11100010011001110011111010000010  
    229 +0 11100010011001110011111010000010  
    230 +0 11100010011001110011111010000010  
    231 +0 11100010011001110011111010000010  
t   232 +0 11111000011001110011111010000101  
    233 +0 11111000011001110011111010000101  
    234 +0 11111000011001110011111010000101  
    235 +0 11111000011001110011111010000101  
    236 +0 11111000011001110011111010000101  
    237 +0 11111000011001110011111010000101  
    238 +0 11111000011001110011111010000101  
    239 +0 11111000011001110011111010000101  
t   240 +0 00011101011010000011111010000000  
    241 +0 00011101011010000011111010000000  
    242 +0 00011101011010000011111010000000  
    243 +0 00011101011010000011111010000000  
    244 +0 00011101011010000011111010000000  
    245 +0 00011101011010000011111010000000  
    246 +0 00011101011010000011111010000000  
    247 +0 00011101011010000011111010000000  
t   248 +0 11100101011001100011111010001110  
    249 +0 11100101011001100011111010001110  
    250 +0 11100101011001100011111010001110  
    251 +0 11100101011001100011111010001110  
    252 +0 11100101011001100011111010001110  
    253 +0 11100101011001100011111010001110  
    254 +0 11100101011001100011111010001110  
    255 +0 11100101011001100011111010001110  
t   256 +0 01110001011001110011111010000010  
    257 +0 01110001011001110011111010000010  
    258 +0 01110001011001110011111010000010  
    259 +0 01110001011001110011111010000010  
    260 +0 01110001011001110011111010000010  
    261 +0 01110001011001110011111010000010  
    262 +0 01110001011001110011111010000010  
    263 +0 01110001011001110011111010000010  
t   264 +0 01100010011001110011111010001111  
    265 +0 01100010011001110011111010001111  
    266 +0 01100010011001110011111010001111  
    267 +0 01100010011001110011111010001111  
    268 +0 01100010011001110011111010001111  
    269 +0 01100010011001110011111010001111  
    270 +0 01100010011001110011111010001111  
    271 +0 01100010011001110011111010001111  
t   272 +0 01101001011001100011111010001100  
    273 +0 01101001011001100011111010001100  
    274 +0 01101001011001100011111010001100  
    275 +0 01101001011001100011111010001100  
    276 +0 01101001011001100011111010001100  
    277 +0 01101001011001100011111010001100  
    278 +0 01101001011001100011111010001100  
    279 +0 01101001011001100011111010001100  
t   280 +0 00000000011010000011111010001111  
    281 +0 00000000011010000011111010001111  
    282 +0 00000000011010000011111010001111  
    283 +0 00000000011010000011111010001111  
    284 +0 00000000011010000011111010001111  
    285 +0 00000000011010000011111010001111  
    286 +0 00000000011010000011111010001111  
    287 +0 00000000011010000011111010001111  
t   288 +0 01100111011001110011111010000001  
    289 +0 01100111011001110011111010000001  
    290 +0 01100111011001110011111010000001  
    291 +0 01100111011001110011111010000001  
    292 +0 01100111011001110011111010000001  
    293 +0 01100111011001110011111010000001  
    294 +0 01100111011001110011111010000001  
    295 +0 01100111011001110011111010000001  
t   296 +0 11100110011001110011111010000000  
    297 +0 11100110011001110011111010000000  
    298 +0 11100110011001110011111010000000  
    299 +0 11100110011001110011111010000000  
    300 +0 11100110011001110011111010000000  
    301 +0 11100110011001110011111010000000  
    302 +0 11100110011001110011111010000000  
    303 +0 11100110011001110011111010000000  
t   304 +0 10100100011001100011111010000100  
    305 +0 10100100011001100011111010000100  
    306 +0 10100100011001100011111010000100  
    307 +0 10100100011001100011111010000100  
    308 +0 10100100011001100011111010000100  
    309 +0 10100100011001100011111010000100  
    310 +0 10100100011001100011111010000100  
    311 +0 10100100011001100011111010000100  
t   312 +0 01001011011001110011111010000011  
    313 +0 01001011011001110011111010000011  
    314 +0 01001011011001110011111010000011  
    315 +0 01001011011001110011111010000011  
    316 +0 01001011011001110011111010000011  
    317 +0 01001011011001110011111010000011  
    318 +0 01001011011001110011111010000011  
    319 +0 01001011011001110011111010000011  
t   320 +0 10110110011001100011111010001111  
    321 +0 10110110011001100011111010001111  
    322 +0 10110110011001100011111010001111  
    323 +0 10110110011001100011111010001111  
    324 +0 10110110011001100011111010001111  
    325 +0 10110110011001100011111010001111  
    326 +0 10110110011001100011111010001111  
    327 +0 10110110011001100011111010001111  
t   328 +0 01001101011001110011111010001011  
    329 +0 01001101011001110011111010001011  
    330 +0 01001101011001110011111010001011  
    331 +0 01001101011001110011111010001011  
    332 +0 01001101011001110011111010001011  
    333 +0 01001101011001110011111010001011  
    334 +0 01001101011001110011111010001011  
    335 +0 01001101011001110011111010001011  
t   336 +0 10101101011001100011111010001101  
    337 +0 10101101011001100011111010001101  
    338 +0 10101101011001100011111010001101  
    339 +0 10101101011001100011111010001101  
    340 +0 10101101011001100011111010001101  
    341 +0 10101101011001100011111010001101  
    342 +0 10101101011001100011111010001101  
    343 +0 10101101011001100011111010001101  
t   344 +0 10111100011001110011111010000111  
    345 +0 10111100011001110011111010000111  
    346 +0 10111100011001110011111010000111  
    347 +0 10111100011001110011111010000111  
    348 +0 10111100011001110011111010000111  
    349 +0 10111100011001110011111010000111  
    350 +0 10111100011001110011111010000111  
    351 +0 10111100011001110011111010000111  
t   352 +0 10010110011001110011111010000101  
    353 +0 10010110011001110011111010000101  
    354 +0 10010110011001110011111010000101  
    355 +0 10010110011001110011111010000101  
    356 +0 10010110011001110011111010000101  
    357 +0 10010110011001110011111010000101  
    358 +0 10010110011001110011111010000101  
    359 +0 10010110011001110011111010000101  
t   360 +0 00100000011010000011111010001111  
    361 +0 00100000011010000011111010001111  
    362 +0 00100000011010000011111010001111  
    363 +0 00100000011010000011111010001111  
    364 +0 00100000011010000011111010001111  
    365 +0 00100000011010000011111010001111  
    366 +0 00100000011010000011111010001111  
    367 +0 00100000011010000011111010001111  
t   368 +0 00110000011010000011111010000100  
    369 +0 00110000011010000011111010000100  
    370 +0 00110000011010000011111010000100  
    371 +0 00110000011010000011111010000100  
    372 +0 00110000011010000011111010000100  
    373 +0 00110000011010000011111010000100  
    374 +0 00110000011010000011111010000100  
    375 +0 00110000011010000011111010000100  
t   376 +0 01101010011010000011111010001000  
    377 +0 01101010011010000011111010001000  
    378 +0 01101010011010000011111010001000  
    379 +0 01101010011010000011111010001000  
    380 +0 01101010011010000011111010001000  
    381 +0 01101010011010000011111010001000  
    382 +0 01101010011010000011111010001000  
    383 +0 01101010011010000011111010001000  
t   384 +0 00010110011010000011111010001101  
    385 +0 00010110011010000011111010001101  
    386 +0 00010110011010000011111010001101  
    387 +0 00010110011010000011111010001101  
    388 +0 00010110011010000011111010001101  
    389 +0 00010110011010000011111010001101  
    390 +0 00010110011010000011111010001101  
    391 +0 00010110011010000011111010001101  
t   392 +0 00010111011001110011111010000110  
    393 +0 00010111011001110011111010000110  
    394 +0 00010111011001110011111010000110  
    395 +0 00010111011001110011111010000110  
    396 +0 00010111011001110011111010000110  
    397 +0 00010111011001110011111010000110  
    398 +0 00010111011001110011111010000110  
    399 +0 00010111011001110011111010000110  
t   400 +0 00101011011001110011111010000100  
    401 +0 00101011011001110011111010000100  
    402 +0 00101011011001110011111010000100  
    403 +0 00101011011001110011111010000100  
    404 +0 00101011011001110011111010000100  
    405 +0 00101011011001110011111010000100  
    406 +0 00101011011001110011111010000100  
    407 +0 00101011011001110011111010000100  
t   408 +0 00011111011010000011111010000010  
    409 +0 00011111011010000011111010000010  
    410 +0 00011111011010000011111010000010  
    411 +0 00011111011010000011111010000010  
    412 +0 00011111011010000011111010000010  
    413 +0 00011111011010000011111010000010  
    414 +0 00011111011010000011111010000010  
    415 +0 00011111011010000011111010000010  
t   416 +0 11101011011001110011111010001100  
    417 +0 11101011011001110011111010001100  
    418 +0 11101011011001110011111010001100  
    419 +0 11101011011001110011111010001100  
    420 +0 11101011011001110011111010001100  
    421 +0 11101011011001110011111010001100  
    422 +0 11101011011001110011111010001100  
    423 +0 11101011011001110011111010001100  
t   424 +0 11100010011001110011111010001000  
    425 +0 11100010011001110011111010001000  
    426 +0 11100010011001110011111010001000  
    427 +0 11100010011001110011111010001000  
    428 +0 11100010011001110011111010001000  
    429 +0 11100010011001110011111010001000  
    430 +0 11100010011001110011111010001000  
    431 +0 11100010011001110011111010001000  
t   432 +0 00111110011001110011111010001001  
    433 +0 00111110011001110011111010001001  
    434 +0 00111110011001110011111010001001  
    435 +0 00111110011001110011111010001001  
    436 +0 00111110011001110011111010001001  
    437 +0 00111110011001110011111010001001  
    438 +0 00111110011001110011111010001001  
    439 +0 00111110011001110011111010001001  
t   440 +0 10101010011001100011111010000000  
    441 +0 10101010011001100011111010000000  
    442 +0 10101010011001100011111010000000  
    443 +0 10101010011001100011111010000000  
    444 +0 10101010011001100011111010000000  
    445 +0 10101010011001100011111010000000  
    446 +0 10101010011001100011111010000000  
    447 +0 10101010011001100011111010000000  
t   448 +0 10101101011001110011111010000101  
    449 +0 10101101011001110011111010000101  
    450 +0 10101101011001110011111010000101  
    451 +0 10101101011001110011111010000101  
    452 +0 10101101011001110011111010000101  
    453 +0 10101101011001110011111010000101  
    454 +0 10101101011001110011111010000101  
    455 +0 10101101011001110011111010000101  
t   456 +0 10101110011001100011111010001100  
    457 +0 10101110011001100011111010001100  
    458 +0 10101110011001100011111010001100  
    459 +0 10101110011001100011111010001100  
    460 +0 10101110011001100011111010001100  
    461 +0 10101110011001100011111010001100  
    462 +0 10101110011001100011111010001100  
    463 +0 10101110011001100011111010001100  
t   464 +0 10010110011001110011111010000010  
    465 +0 10010110011001110011111010000010  
    466 +0 10010110011001110011111010000010  
    467 +0 10010110011001110011111010000010  
    468 +0 10010110011001110011111010000010  
    469 +0 10010110011001110011111010000010  
    470 +0 10010110011001110011111010000010  
    471 +0 10010110011001110011111010000010  
t   472 +0 00011000011010000011111010001111  
    473 +0 00011000011010000011111010001111  
    474 +0 00011000011010000011111010001111  
    475 +0 00011000011010000011111010001111  
    476 +0 00011000011010000011111010001111  
    477 +0 00011000011010000011111010001111  
    478 +0 00011000011010000011111010001111  
    479 +0 00011000011010000011111010001111  
t   480 +0 11001101011001110011111010000000  
    481 +0 11001101011001110011111010000000  
    482 +0 11001101011001110011111010000000  
    483 +0 11001101011001110011111010000000  
    484 +0 11001101011001110011111010000000  
    485 +0 11001101011001110011111010000000  
    486 +0 11001101011001110011111010000000  
    487 +0 11001101011001110011111010000000  
t   488 +0 00100101011001110011111010000100  
    489 +0 00100101011001110011111010000100  
    490 +0 00100101011001110011111010000100  
    491 +0 00100101011001110011111010000100  
    492 +0 00100101011001110011111010000100  
    493 +0 00100101011001110011111010000100  
    494 +0 00100101011001110011111010000100  
    495 +0 00100101011001110011111010000100  
t   496 +0 11001100011001100011111010000111  
    497 +0 11001100011001100011111010000111  
    498 +0 11001100011001100011111010000111  
    499 +0 11001100011001100011111010000111  
    500 +0 11001100011001100011111010000111  
    501 +0 11001100011001100011111010000111  
    502 +0 11001100011001100011111010000111  
    503 +0 11001100011001100011111010000111  
t   504 +0 01001110011001110011111010000110  
    505 +0 01001110011001110011111010000110  
    506 +0 01001110011001110011111010000110  
    507 +0 01001110011001110011111010000110  
    508 +0 01001110011001110011111010000110  
    509 +0 01001110011001110011111010000110  
    510 +0 01001110011001110011111010000110  
    511 +0 01001110011001110011111010000110  
t   512 +0 00111000011001110011111010001100  
    513 +0 00111000011001110011111010001100  
    514 +0 00111000011001110011111010001100  
    515 +0 00111000011001110011111010001100  
    516 +0 00111000011001110011111010001100  
    517 +0 00111000011001110011111010001100  
    518 +0 00111000011001110011111010001100  
    519 +0 00111000011001110011111010001100  
t   520 +0 11110000011001110011111010001100  
    521 +0 11110000011001110011111010001100  
    522 +0 11110000011001110011111010001100  
    523 +0 11110000011001110011111010001100  
    524 +0 11110000011001110011111010001100  
    525 +0 11110000011001110011111010001100  
    526 +0 11110000011001110011111010001100  
    527 +0 11110000011001110011111010001100  
t   528 +0 00001000011010000011111010000000  
    529 +0 00001000011010000011111010000000  
    530 +0 00001000011010000011111010000000  
    531 +0 00001000011010000011111010000000  
    532 +0 00001000011010000011111010000000  
    533 +0 00001000011010000011111010000000  
    534 +0 00001000011010000011111010000000  
    535 +0 00001000011010000011111010000000  
t   536 +0 10101100011001100011111010000010  
    537 +0 10101100011001100011111010000010  
    538 +0 10101100011001100011111010000010  
    539 +0 10101100011001100011111010000010  
    540 +0 10101100011001100011111010000010  
    541 +0 10101100011001100011111010000010  
    542 +0 10101100011001100011111010000010  
    543 +0 10101100011001100011111010000010  
t   544 +0 10100000011001110011111010001101  
    545 +0 10100000011001110011111010001101  
    546 +0 10100000011001110011111010001101  
    547 +0 10100000011001110011111010001101  
    548 +0 10100000011001110011111010001101  
    549 +0 10100000011001110011111010001101  
    550 +0 10100000011001110011111010001101  
    551 +0 10100000011001110011111010001101  
t   552 +0 01111101011001110011111010001100  
    553 +0 01111101011001110011111010001100  
    554 +0 01111101011001110011111010001100  
    555 +0 01111101011001110011111010001100  
    556 +0 01111101011001110011111010001100  
    557 +0 01111101011001110011111010001100  
    558 +0 01111101011001110011111010001100  
    559 +0 01111101011001110011111010001100  
t   560 +0 01101110011001110011111010000010  
    561 +0 01101110011001110011111010000010  
    562 +0 01101110011001110011111010000010  
    563 +0 01101110011001110011111010000010  
    564 +0 01101110011001110011111010000010  
    565 +0 01101110011001110011111010000010  
    566 +0 01101110011001110011111010000010  
    567 +0 01101110011001110011111010000010  
t   568 +0 00110100011010000011111010001010  
    569 +0 00110100011010000011111010001010  
    570 +0 00110100011010000011111010001010  
    571 +0 00110100011010000011111010001010  
    572 +0 00110100011010000011111010001010  
    573 +0 00110100011010000011111010001010  
    574 +0 00110100011010000011111010001010  
    575 +0 00110100011010000011111010001010  
t   576 +0 11000100011001110011111010000100  
    577 +0 11000100011001110011111010000100  
    578 +0 11000100011001110011111010000100  
    579 +0 11000100011001110011111010000100  
    580 +0 11000100011001110011111010000100  
    581 +0 11000100011001110011111010000100  
    582 +0 11000100011001110011111010000100  
    583 +0 11000100011001110011111010000100  
t   584 +0 01000010011001100011111010000011  
    585 +0 01000010011001100011111010000011  
    586 +0 01000010011001100011111010000011  
    587 +0 01000010011001100011111010000011  
    588 +0 01000010011001100011111010000011  
    589 +0 01000010011001100011111010000011  
    590 +0 01000010011001100011111010000011  
    591 +0 01000010011001100011111010000011  
t   592 +0 01010110011001100011111010000010  
    593 +0 01010110011001100011111010000010  
    594 +0 01010110011001100011111010000010  
    595 +0 01010110011001100011111010000010  
    596 +0 01010110011001100011111010000010  
    597 +0 01010110011001100011111010000010  
    598 +0 01010110011001100011111010000010  
    599 +0 01010110011001100011111010000010  
t   600 +0 01011010011001100011111010001101  
    601 +0 01011010011001100011111010001101  
    602 +0 01011010011001100011111010001101  
    603 +0 01011010011001100011111010001101  
    604 +0 01011010011001100011111010001101  
    605 +0 01011010011001100011111010001101  
    606 +0 01011010011001100011111010001101  
    607 +0 01011010011001100011111010001101  
t   608 +0 01111011011001110011111010001101  
    609 +0 01111011011001110011111010001101  
    610 +0 01111011011001110011111010001101  
    611 +0 01111011011001110011111010001101  
    612 +0 01111011011001110011111010001101  
    613 +0 01111011011001110011111010001101  
    614 +0 01111011011001110011111010001101  
    615 +0 01111011011001110011111010001101  
t   616 +0 00010100011010000011111010000011  
    617 +0 00010100011010000011111010000011  
    618 +0 00010100011010000011111010000011  
    619 +0 00010100011010000011111010000011  
    620 +0 00010100011010000011111010000011  
    621 +0 00010100011010000011111010000011  
    622 +0 00010100011010000011111010000011  
    623 +0 00010100011010000011111010000011  
t   624 +0 00010111011001110011111010000101  
    625 +0 00010111011001110011111010000101  
    626 +0 00010111011001110011111010000101  
    627 +0 00010111011001110011111010000101  
    628 +0 00010111011001110011111010000101  
    629 +0 00010111011001110011111010000101  
    630 +0 00010111011001110011111010000101  
    631 +0 00010111011001110011111010000101  
t   632 +0 10010001011001110011111010001111  
    633 +0 10010001011001110011111010001111  
    634 +0 10010001011001110011111010001111  
    635 +0 10010001011001110011111010001111  
    636 +0 10010001011001110011111010001111  
    637 +0 10010001011001110011111010001111  
    638 +0 10010001011001110011111010001111  
    639 +0 10010001011001110011111010001111  
t   640 +0 01001001011001110011111010001010  
    641 +0 01001001011001110011111010001010  
    642 +0 01001001011001110011111010001010  
    643 +0 01001001011001110011111010001010  
    644 +0 01001001011001110011111010001010  
    645 +0 01001001011001110011111010001010  
    646 +0 01001001011001110011111010001010  
    647 +0 01001001011001110011111010001010  
t   648 +0 00011001011001110011111010000011  
    649 +0 00011001011001110011111010000011  
    650 +0 00011001011001110011111010000011  
    651 +0 00011001011001110011111010000011  
    652 +0 00011001011001110011111010000011  
    653 +0 00011001011001110011111010000011  
    654 +0 00011001011001110011111010000011  
    655 +0 00011001011001110011111010000011  
t   656 +0 01011111011001110011111010001111  
    657 +0 01011111011001110011111010001111  
    658 +0 01011111011001110011111010001111  
    659 +0 01011111011001110011111010001111  
    660 +0 01011111011001110011111010001111  
    661 +0 01011111011001110011111010001111  
    662 +0 01011111011001110011111010001111  
    663 +0 01011111011001110011111010001111  
t   664 +0 10000001011001110011111010001100  
    665 +0 10000001011001110011111010001100  
    666 +0 10000001011001110011111010001100  
    667 +0 10000001011001110011111010001100  
    668 +0 10000001011001110011111010001100  
    669 +0 10000001011001110011111010001100  
    670 +0 10000001011001110011111010001100  
    671 +0 10000001011001110011111010001100  
t   672 +0 11110110011001110011111010001000  
    673 +0 11110110011001110011111010001000  
    674 +0 11110110011001110011111010001000  
    675 +0 11110110011001110011111010001000  
    676 +0 11110110011001110011111010001000  
    677 +0 11110110011001110011111010001000  
    678 +0 11110110011001110011111010001000  
    679 +0 11110110011001110011111010001000  
t   680 +0 00011010011010000011111010001011  
    681 +0 00011010011010000011111010001011  
    682 +0 00011010011010000011111010001011  
    683 +0 00011010011010000011111010001011  
    684 +0 00011010011010000011111010001011  
    685 +0 00011010011010000011111010001011  
    686 +0 00011010011010000011111010001011  
    687 +0 00011010011010000011111010001011  
t   688 +0 11000001011001110011111010000001  
    689 +0 11000001011001110011111010000001  
    690 +0 11000001011001110011111010000001  
    691 +0 11000001011001110011111010000001  
    692 +0 11000001011001110011111010000001  
    693 +0 11000001011001110011111010000001  
    694 +0 11000001011001110011111010000001  
    695 +0 11000001011001110011111010000001  
t   696 +0 00111100011001110011111010000111  
    697 +0 00111100011001110011111010000111  
    698 +0 00111100011001110011111010000111  
    699 +0 00111100011001110011111010000111  
    700 +0 00111100011001110011111010000111  
    701 +0 00111100011001110011111010000111  
    702 +0 00111100011001110011111010000111  
    703 +0 00111100011001110011111010000111  
t   704 +0 00011000011001110011111010000001  
    705 +0 00011000011001110011111010000001  
    706 +0 00011000011001110011111010000001  
    707 +0 00011000011001110011111010000001  
    708 +0 00011000011001110011111010000001  
    709 +0 00011000011001110011111010000001  
    710 +0 00011000011001110011111010000001  
    711 +0 00011000011001110011111010000001  
t   712 +0 01111011011001110011111010000101  
    713 +0 01111011011001110011111010000101  
    714 +0 01111011011001110011111010000101  
    715 +0 01111011011001110011111010000101  
    716 +0 01111011011001110011111010000101  
    717 +0 01111011011001110011111010000101  
    718 +0 01111011011001110011111010000101  
    719 +0 01111011011001110011111010000101  
t   720 +0 01011011011010000011111010000001  
    721 +0 01011011011010000011111010000001  
    722 +0 01011011011010000011111010000001  
    723 +0 01011011011010000011111010000001  
    724 +0 01011011011010000011111010000001  
    725 +0 01011011011010000011111010000001  
    726 +0 01011011011010000011111010000001  
    727 +0 01011011011010000011111010000001  
t   728 +0 00100001011010000011111010001010  
    729 +0 00100001011010000011111010001010  
    730 +0 00100001011010000011111010001010  
    731 +0 00100001011010000011111010001010  
    732 +0 00100001011010000011111010001010  
    733 +0 00100001011010000011111010001010  
    734 +0 00100001011010000011111010001010  
    735 +0 00100001011010000011111010001010  
t   736 +0 11111110011001100011111010001010  
    737 +0 11111110011001100011111010001010  
    738 +0 11111110011001100011111010001010  
    739 +0 11111110011001100011111010001010  
    740 +0 11111110011001100011111010001010  
    741 +0 11111110011001100011111010001010  
    742 +0 11111110011001100011111010001010  
    743 +0 11111110011001100011111010001010  
t   744 +0 10011110011001110011111010000111  
    745 +0 10011110011001110011111010000111  
    746 +0 10011110011001110011111010000111  
    747 +0 10011110011001110011111010000111  
    748 +0 10011110011001110011111010000111  
    749 +0 10011110011001110011111010000111  
    750 +0 10011110011001110011111010000111  
    751 +0 10011110011001110011111010000111  
t   752 +0 00001001011010000011111010000100  
    753 +0 00001001011010000011111010000100  
    754 +0 00001001011010000011111010000100  
    755 +0 00001001011010000011111010000100  
    756 +0 00001001011010000011111010000100  
    757 +0 00001001011010000011111010000100  
    758 +0 00001001011010000011111010000100  
    759 +0 00001001011010000011111010000100  
t   760 +0 01011001011001110011111010000010  
    761 +0 01011001011001110011111010000010  
    762 +0 01011001011001110011111010000010  
    763 +0 01011001011001110011111010000010  
    764 +0 01011001011001110011111010000010  
    765 +0 01011001011001110011111010000010  
    766 +0 01011001011001110011111010000010  
    767 +0 01011001011001110011111010000010  
t   768 +0 10000100011001110011111010001011  
    769 +0 10000100011001110011111010001011  
    770 +0 10000100011001110011111010001011  
    771 +0 10000100011001110011111010001011  
    772 +0 10000100011001110011111010001011  
    773 +0 10000100011001110011111010001011  
    774 +0 10000100011001110011111010001011  
    775 +0 10000100011001110011111010001011  
t   776 +0 11000011011001110011111010000111  
    777 +0 11000011011001110011111010000111  
    778 +0 11000011011001110011111010000111  
    779 +0 11000011011001110011111010000111  
    780 +0 11000011011001110011111010000111  
    781 +0 11000011011001110011111010000111  
    782 +0 11000011011001110011111010000111  
    783 +0 11000011011001110011111010000111  
t   784 +0 00101000011001110011111010001011  
    785 +0 00101000011001110011111010001011  
    786 +0 00101000011001110011111010001011  
    787 +0 00101000011001110011111010001011  
    788 +0 00101000011001110011111010001011  
    789 +0 00101000011001110011111010001011  
    790 +0 00101000011001110011111010001011  
    791 +0 00101000011001110011111010001011  
t   792 +0 10110011011001110011111010000011  
    793 +0 10110011011001110011111010000011  
    794 +0 10110011011001110011111010000011  
    795 +0 10110011011001110011111010000011  
    796 +0 10110011011001110011111010000011  
    797 +0 10110011011001110011111010000011  
    798 +0 10110011011001110011111010000011  
    799 +0 10110011011001110011111010000011  
t   800 +0 01000001011001110011111010001001  
    801 +0 01000001011001110011111010001001  
    802 +0 01000001011001110011111010001001  
    803 +0 01000001011001110011111010001001  
    804 +0 01000001011001110011111010001001  
    805 +0 01000001011001110011111010001001  
    806 +0 01000001011001110011111010001001  
    807 +0 01000001011001110011111010001001  
t   808 +0 01100101011001110011111010000111  
    809 +0 01100101011001110011111010000111  
    810 +0 01100101011001110011111010000111  
    811 +0 01100101011001110011111010000111  
    812 +0 01100101011001110011111010000111  
    813 +0 01100101011001110011111010000111  
    814 +0 01100101011001110011111010000111  
    815 +0 01100101011001110011111010000111  
t   816 +0 00101110011010000011111010001010  
    817 +0 00101110011010000011111010001010  
    818 +0 00101110011010000011111010001010  
    819 +0 00101110011010000011111010001010  
    820 +0 00101110011010000011111010001010  
    821 +0 00101110011010000011111010001010  
    822 +0 00101110011010000011111010001010  
    823 +0 00101110011010000011111010001010  
t   824 +0 00110111011010000011111010001101  
    825 +0 00110111011010000011111010001101  
    826 +0 00110111011010000011111010001101  
    827 +0 00110111011010000011111010001101  
    828 +0 00110111011010000011111010001101  
    829 +0 00110111011010000011111010001101  
    830 +0 00110111011010000011111010001101  
    831 +0 00110111011010000011111010001101  
t   832 +0 01101110011001110011111010001111  
    833 +0 01101110011001110011111010001111  
    834 +0 01101110011001110011111010001111  
    835 +0 01101110011001110011111010001111  
    836 +0 01101110011001110011111010001111  
    837 +0 01101110011001110011111010001111  
    838 +0 01101110011001110011111010001111  
    839 +0 01101110011001110011111010001111  
t   840 +0 01111011011001110011111010001110  
    841 +0 01111011011001110011111010001110  
    842 +0 01111011011001110011111010001110  
    843 +0 01111011011001110011111010001110  
    844 +0 01111011011001110011111010001110  
    845 +0 01111011011001110011111010001110  
    846 +0 01111011011001110011111010001110  
    847 +0 01111011011001110011111010001110  
t   848 +0 01101110011001110011111010000011  
    849 +0 01101110011001110011111010000011  
    850 +0 01101110011001110011111010000011  
    851 +0 01101110011001110011111010000011  
    852 +0 01101110011001110011111010000011  
    853 +0 01101110011001110011111010000011  
    854 +0 01101110011001110011111010000011  
    855 +0 01101110011001110011111010000011  
t   856 +0 01100101011001100011111010001000  
    857 +0 01100101011001100011111010001000  
    858 +0 01100101011001100011111010001000  
    859 +0 01100101011001100011111010001000  
    860 +0 01100101011001100011111010001000  
    861 +0 01100101011001100011111010001000  
    862 +0 01100101011001100011111010001000  
    863 +0 01100101011001100011111010001000  
t   864 +0 11110111011001110011111010001110  
    865 +0 11110111011001110011111010001110  
    866 +0 11110111011001110011111010001110  
    867 +0 11110111011001110011111010001110  
    868 +0 11110111011001110011111010001110  
    869 +0 11110111011001110011111010001110  
    870 +0 11110111011001110011111010001110  
    871 +0 11110111011001110011111010001110  
t   872 +0 00101000011010000011111010001010  
    873 +0 00101000011010000011111010001010  
    874 +0 00101000011010000011111010001010  
    875 +0 00101000011010000011111010001010  
    876 +0 00101000011010000011111010001010  
    877 +0 00101000011010000011111010001010  
    878 +0 00101000011010000011111010001010  
    879 +0 00101000011010000011111010001010  
t   880 +0 00101101011010000011111010001111  
    881 +0 00101101011010000011111010001111  
    882 +0 00101101011010000011111010001111  
    883 +0 00101101011010000011111010001111  
    884 +0 00101101011010000011111010001111  
    885 +0 00101101011010000011111010001111  
    886 +0 00101101011010000011111010001111  
    887 +0 00101101011010000011111010001111  
t   888 +0 00011100011010000011111010001011  
    889 +0 00011100011010000011111010001011  
    890 +0 00011100011010000011111010001011  
    891 +0 00011100011010000011111010001011  
    892 +0 00011100011010000011111010001011  
    893 +0 00011100011010000011111010001011  
    894 +0 00011100011010000011111010001011  
    895 +0 00011100011010000011111010001011  
t   896 +0 11101111011001110011111010000011  
    897 +0 11101111011001110011111010000011  
    898 +0 11101111011001110011111010000011  
    899 +0 11101111011001110011111010000011  
    900 +0 11101111011001110011111010000011  
    901 +0 11101111011001110011111010000011  
    902 +0 11101111011001110011111010000011  
    903 +0 11101111011001110011111010000011  
t   904 +0 10101110011001110011111010001000  
    905 +0 10101110011001110011111010001000  
    906 +0 10101110011001110011111010001000  
    907 +0 10101110011001110011111010001000  
    908 +0 10101110011001110011111010001000  
    909 +0 10101110011001110011111010001000  
    910 +0 10101110011001110011111010001000  
    911 +0 10101110011001110011111010001000  
t   912 +0 01010011011001100011111010001001  
    913 +0 01010011011001100011111010001001  
    914 +0 01010011011001100011111010001001  
    915 +0 01010011011001100011111010001001  
    916 +0 01010011011001100011111010001001  
    917 +0 01010011011001100011111010001001  
    918 +0 01010011011001100011111010001001  
    919 +0 01010011011001100011111010001001  
t   920 +0 10010110011001110011111010000011  
    921 +0 10010110011001110011111010000011  
    922 +0 10010110011001110011111010000011  
    923 +0 10010110011001110011111010000011  
    924 +0 10010110011001110011111010000011  
    925 +0 10010110011001110011111010000011  
    926 +0 10010110011001110011111010000011  
    927 +0 10010110011001110011111010000011  
t   928 +0 11111100011001110011111010001001  
    929 +0 11111100011001110011111010001001  
    930 +0 11111100011001110011111010001001  
    931 +0 11111100011001110011111010001001  
    932 +0 11111100011001110011111010001001  
    933 +0 11111100011001110011111010001001  
    934 +0 11111100011001110011111010001001  
    935 +0 11111100011001110011111010001001  
t   936 +0 11110100011001110011111010001001  
    937 +0 11110100011001110011111010001001  
    938 +0 11110100011001110011111010001001  
    939 +0 11110100011001110011111010001001  
    940 +0 11110100011001110011111010001001  
    941 +0 11110100011001110011111010001001  
    942 +0 11110100011001110011111010001001  
    943 +0 11110100011001110011111010001001  
t   944 +0 00001001011010000011111010000010  
    945 +0 00001001011010000011111010000010  
    946 +0 00001001011010000011111010000010  
    947 +0 00001001011010000011111010000010  
    948 +0 00001001011010000011111010000010  
    949 +0 00001001011010000011111010000010  
    950 +0 00001001011010000011111010000010  
    951 +0 00001001011010000011111010000010  
t   952 +0 10101011011001110011111010001010  
    953 +0 10101011011001110011111010001010  
    954 +0 10101011011001110011111010001010  
    955 +0 10101011011001110011111010001010  
    956 +0 10101011011001110011111010001010  
    957 +0 10101011011001110011111010001010  
    958 +0 10101011011001110011111010001010  
    959 +0 10101011011001110011111010001010  
t   960 +0 10110010011001110011111010000101  
    961 +0 10110010011001110011111010000101  
    962 +0 10110010011001110011111010000101  
    963 +0 10110010011001110011111010000101  
    964 +0 10110010011001110011111010000101  
    965 +0 10110010011001110011111010000101  
    966 +0 10110010011001110011111010000101  
    967 +0 10110010011001110011111010000101  
t   968 +0 01000011011001110011111010000011  
    969 +0 01000011011001110011111010000011  
    970 +0 01000011011001110011111010000011  
    971 +0 01000011011001110011111010000011  
    972 +0 01000011011001110011111010000011  
    973 +0 01000011011001110011111010000011  
    974 +0 01000011011001110011111010000011  
    975 +0 01000011011001110011111010000011  
t   976 +0 00001000011001110011111010000000  
    977 +0 00001000011001110011111010000000  
    978 +0 00001000011001110011111010000000  
    979 +0 00001000011001110011111010000000  
    980 +0 00001000011001110011111010000000  
    981 +0 00001000011001110011111010000000  
    982 +0 00001000011001110011111010000000  
    983 +0 00001000011001110011111010000000  
t   984 +0 00110000011001100011111010001000  
    985 +0 00110000011001100011111010001000  
    986 +0 00110000011001100011111010001000  
    987 +0 00110000011001100011111010001000  
    988 +0 00110000011001100011111010001000  
    989 +0 00110000011001100011111010001000  
    990 +0 00110000011001100011111010001000  
    991 +0 00110000011001100011111010001000  
t   992 +0 10010111011001110011111010000111  
    993 +0 10010111011001110011111010000111  
    994 +0 10010111011001110011111010000111  
    995 +0 10010111011001110011111010000111  
    996 +0 10010111011001110011111010000111  
    997 +0 10010111011001110011111010000111  
    998 +0 10010111011001110011111010000111  
    999 +0 10010111011001110011111010000111  
t  1000 +0 01101111011001100011111010001100  
   1001 +0 01101111011001100011111010001100  
   1002 +0 01101111011001100011111010001100  
   1003 +0 01101111011001100011111010001100  
   1004 +0 01101111011001100011111010001100  
   1005 +0 01101111011001100011111010001100  
   1006 +0 01101111011001100011111010001100  
   1007 +0 01101111011001100011111010001100  
t  1008 +0 11010100011001110011111010000111  
   1009 +0 11010100011001110011111010000111  
   1010 +0 11010100011001110011111010000111  
   1011 +0 11010100011001110011111010000111  
   1012 +0 11010100011001110011111010000111  
   1013 +0 11010100011001110011111010000111  
   1014 +0 11010100011001110011111010000111  
   1015 +0 11010100011001110011111010000111  
t  1016 +0 11110010011001100011111010001110  
   1017 +0 11110010011001100011111010001110  
   1018 +0 11110010011001100011111010001110  
   1019 +0 11110010011001100011111010001110  
   1020 +0 11110010011001100011111010001110  
   1021 +0 11110010011001100011111010001110  
   1022 +0 11110010011001100011111010001110  
   1023 +0 11110010011001100011111010001110  
t  1024 +0 00110000011001110011111010001000  
   1025 +0 00110000011001110011111010001000  
   1026 +0 00110000011001110011111010001000  
   1027 +0 00110000011001110011111010001000  
   1028 +0 00110000011001110011111010001000  
   1029 +0 00110000011001110011111010001000  
   1030 +0 00110000011001110011111010001000  
   1031 +0 00110000011001110011111010001000  
t  1032 +0 00000100011001110011111010001100  
   1033 +0 00000100011001110011111010001100  
   1034 +0 00000100011001110011111010001100  
   1035 +0 00000100011001110011111010001100  
   1036 +0 00000100011001110011111010001100  
   1037 +0 00000100011001110011111010001100  
   1038 +0 00000100011001110011111010001100  
   1039 +0 00000100011001110011111010001100  
t  1040 +0 00010010011001110011111010000110  
   1041 +0 00010010011001110011111010000110  
   1042 +0 00010010011001110011111010000110  
   1043 +0 00010010011001110011111010000110  
   1044 +0 00010010011001110011111010000110  
   1045 +0 00010010011001110011111010000110  
   1046 +0 00010010011001110011111010000110  
   1047 +0 00010010011001110011111010000110  
t  1048 +0 11100001011001110011111010000110  
   1049 +0 11100001011001110011111010000110  
   1050 +0 11100001011001110011111010000110  
   1051 +0 11100001011001110011111010000110  
   1052 +0 11100001011001110011111010000110  
   1053 +0 11100001011001110011111010000110  
   1054 +0 11100001011001110011111010000110  
   1055 +0 11100001011001110011111010000110  
t  1056 +0 01000001011001110011111010001001  
   1057 +0 01000001011001110011111010001001  
   1058 +0 01000001011001110011111010001001  
   1059 +0 01000001011001110011111010001001  
   1060 +0 01000001011001110011111010001001  
   1061 +0 01000001011001110011111010001001  
   1062 +0 01000001011001110011111010001001  
   1063 +0 01000001011001110011111010001001  
t  1064 +0 00001110011001110011111010000001  
   1065 +0 00001110011001110011111010000001  
   1066 +0 00001110011001110011111010000001  
   1067 +0 00001110011001110011111010000001  
   1068 +0 00001110011001110011111010000001  
   1069 +0 00001110011001110011111010000001  
   1070 +0 00001110011001110011111010000001  
   1071 +0 00001110011001110011111010000001  
t  1072 +0 00110100011010000011111010000111  
   1073 +0 00110100011010000011111010000111  
   1074 +0 00110100011010000011111010000111  
   1075 +0 00110100011010000011111010000111  
   1076 +0 00110100011010000011111010000111  
   1077 +0 00110100011010000011111010000111  
   1078 +0 00110100011010000011111010000111  
   1079 +0 00110100011010000011111010000111  
t  1080 +0 00011110011001110011111010000100  
   1081 +0 00011110011001110011111010000100  
   1082 +0 00011110011001110011111010000100  
   1083 +0 00011110011001110011111010000100  
   1084 +0 00011110011001110011111010000100  
   1085 +0 00011110011001110011111010000100  
   1086 +0 00011110011001110011111010000100  
   1087 +0 00011110011001110011111010000100  
t  1088 +0 00111000011001110011111010000100  
   1089 +0 00111000011001110011111010000100  
   1090 +0 00111000011001110011111010000100  
   1091 +0 00111000011001110011111010000100  
   1092 +0 00111000011001110011111010000100  
   1093 +0 00111000011001110011111010000100  
   1094 +0 00111000011001110011111010000100  
   1095 +0 00111000011001110011111010000100  
t  1096 +0 01010100011001110011111010001100  
   1097 +0 01010100011001110011111010001100  
   1098 +0 01010100011001110011111010001100  
   1099 +0 01010100011001110011111010001100  
   1100 +0 01010100011001110011111010001100  
   1101 +0 01010100011001110011111010001100  
   1102 +0 01010100011001110011111010001100  
   1103 +0 01010100011001110011111010001100  
t  1104 +0 00101011011001110011111010000000  
   1105 +0 00101011011001110011111010000000  
   1106 +0 00101011011001110011111010000000  
   1107 +0 00101011011001110011111010000000  
   1108 +0 00101011011001110011111010000000  
   1109 +0 00101011011001110011111010000000  
   1110 +0 00101011011001110011111010000000  
   1111 +0 00101011011001110011111010000000  
t  1112 +0 10001010011001110011111010001000  
   1113 +0 10001010011001110011111010001000  
   1114 +0 10001010011001110011111010001000  
   1115 +0 10001010011001110011111010001000  
   1116 +0 10001010011001110011111010001000  
   1117 +0 10001010011001110011111010001000  
   1118 +0 10001010011001110011111010001000  
   1119 +0 10001010011001110011111010001000  
t  1120 +0 00000100011010000011111010000000  
   1121 +0 00000100011010000011111010000000  
   1122 +0 00000100011010000011111010000000  
   1123 +0 00000100011010000011111010000000  
   1124 +0 00000100011010000011111010000000  
   1125 +0 00000100011010000011111010000000  
   1126 +0 00000100011010000011111010000000  
   1127 +0 00000100011010000011111010000000  
t  1128 +0 10011001011001100011111010000110  
   1129 +0 10011001011001100011111010000110  
   1130 +0 10011001011001100011111010000110  
   1131 +0 10011001011001100011111010000110  
   1132 +0 10011001011001100011111010000110  
   1133 +0 10011001011001100011111010000110  
   1134 +0 10011001011001100011111010000110  
   1135 +0 10011001011001100011111010000110  
t  1136 +0 00110000011001110011111010001101  
   1137 +0 00110000011001110011111010001101  
   1138 +0 00110000011001110011111010001101  
   1139 +0 00110000011001110011111010001101  
   1140 +0 00110000011001110011111010001101  
   1141 +0 00110000011001110011111010001101  
   1142 +0 00110000011001110011111010001101  
   1143 +0 00110000011001110011111010001101  
t  1144 +0 01110110011001110011111010001000  
   1145 +0 01110110011001110011111010001000  
   1146 +0 01110110011001110011111010001000  
   1147 +0 01110110011001110011111010001000  
   1148 +0 01110110011001110011111010001000  
   1149 +0 01110110011001110011111010001000  
   1150 +0 01110110011001110011111010001000  
   1151 +0 01110110011001110011111010001000  
t  1152 +0 01100100011001110011111010001010  
   1153 +0 01100100011001110011111010001010  
   1154 +0 01100100011001110011111010001010  
   1155 +0 01100100011001110011111010001010  
   1156 +0 01100100011001110011111010001010  
   1157 +0 01100100011001110011111010001010  
   1158 +0 01100100011001110011111010001010  
   1159 +0 01100100011001110011111010001010  
t  1160 +0 11111000011001110011111010000000  
   1161 +0 11111000011001110011111010000000  
   1162 +0 11111000011001110011111010000000  
   1163 +0 11111000011001110011111010000000  
   1164 +0 11111000011001110011111010000000  
   1165 +0 11111000011001110011111010000000  
   1166 +0 11111000011001110011111010000000  
   1167 +0 11111000011001110011111010000000  
t  1168 +0 00101100011001110011111010000110  
   1169 +0 00101100011001110011111010000110  
   1170 +0 00101100011001110011111010000110  
   1171 +0 00101100011001110011111010000110  
   1172 +0 00101100011001110011111010000110  
   1173 +0 00101100011001110011111010000110  
   1174 +0 00101100011001110011111010000110  
   1175 +0 00101100011001110011111010000110  
t  1176 +0 00110011011001110011111010000110  
   1177 +0 00110011011001110011111010000110  
   1178 +0 00110011011001110011111010000110  
   1179 +0 00110011011001110011111010000110  
   1180 +0 00110011011001110011111010000110  
   1181 +0 00110011011001110011111010000110  
   1182 +0 00110011011001110011111010000110  
   1183 +0 00110011011001110011111010000110  
t  1184 +0 00110110011010000011111010000000  
   1185 +0 00110110011010000011111010000000  
   1186 +0 00110110011010000011111010000000  
   1187 +0 00110110011010000011111010000000  
   1188 +0 00110110011010000011111010000000  
   1189 +0 00110110011010000011111010000000  
   1190 +0 00110110011010000011111010000000  
   1191 +0 00110110011010000011111010000000  
t  1192 +0 11011000011001110011111010000010  
   1193 +0 11011000011001110011111010000010  
   1194 +0 11011000011001110011111010000010  
   1195 +0 11011000011001110011111010000010  
   1196 +0 11011000011001110011111010000010  
   1197 +0 11011000011001110011111010000010  
   1198 +0 11011000011001110011111010000010  
   1199 +0 11011000011001110011111010000010  
t  1200 +0 10101011011001110011111010000100  
   1201 +0 10101011011001110011111010000100  
   1202 +0 10101011011001110011111010000100  
   1203 +0 10101011011001110011111010000100  
   1204 +0 10101011011001110011111010000100  
   1205 +0 10101011011001110011111010000100  
   1206 +0 10101011011001110011111010000100  
   1207 +0 10101011011001110011111010000100  
t  1208 +0 01011111011001110011111010001100  
   1209 +0 01011111011001110011111010001100  
   1210 +0 01011111011001110011111010001100  
   1211 +0 01011111011001110011111010001100  
   1212 +0 01011111011001110011111010001100  
   1213 +0 01011111011001110011111010001100  
   1214 +0 01011111011001110011111010001100  
   1215 +0 01011111011001110011111010001100  
t  1216 +0 01000000011001110011111010001000  
   1217 +0 01000000011001110011111010001000  
   1218 +0 01000000011001110011111010001000  
   1219 +0 01000000011001110011111010001000  
   1220 +0 01000000011001110011111010001000  
   1221 +0 01000000011001110011111010001000  
   1222 +0 01000000011001110011111010001000  
   1223 +0 01000000011001110011111010001000  
t  1224 +0 11000000011001100011111010001010  
   1225 +0 11000000011001100011111010001010  
   1226 +0 11000000011001100011111010001010  
   1227 +0 11000000011001100011111010001010  
   1228 +0 11000000011001100011111010001010  
   1229 +0 11000000011001100011111010001010  
   1230 +0 11000000011001100011111010001010  
   1231 +0 11000000011001100011111010001010  
t  1232 +0 00001000011001110011111010000110  
   1233 +0 00001000011001110011111010000110  
   1234 +0 00001000011001110011111010000110  
   1235 +0 00001000011001110011111010000110  
   1236 +0 00001000011001110011111010000110  
   1237 +0 00001000011001110011111010000110  
   1238 +0 00001000011001110011111010000110  
   1239 +0 00001000011001110011111010000110  
t  1240 +0 10000110011001110011111010000111  
   1241 +0 10000110011001110011111010000111  
   1242 +0 10000110011001110011111010000111  
   1243 +0 10000110011001110011111010000111  
   1244 +0 10000110011001110011111010000111  
   1245 +0 10000110011001110011111010000111  
   1246 +0 10000110011001110011111010000111  
   1247 +0 10000110011001110011111010000111  
t  1248 +0 10000011011001110011111010001010  
   1249 +0 10000011011001110011111010001010  
   1250 +0 10000011011001110011111010001010  
   1251 +0 10000011011001110011111010001010  
   1252 +0 10000011011001110011111010001010  
   1253 +0 10000011011001110011111010001010  
   1254 +0 10000011011001110011111010001010  
   1255 +0 10000011011001110011111010001010  
t  1256 +0 11001000011001110011111010001111  
   1257 +0 11001000011001110011111010001111  
   1258 +0 11001000011001110011111010001111  
   1259 +0 11001000011001110011111010001111  
   1260 +0 11001000011001110011111010001111  
   1261 +0 11001000011001110011111010001111  
   1262 +0 11001000011001110011111010001111  
   1263 +0 11001000011001110011111010001111  
t  1264 +0 01110111011001110011111010001101  
   1265 +0 01110111011001110011111010001101  
   1266 +0 01110111011001110011111010001101  
   1267 +0 01110111011001110011111010001101  
   1268 +0 01110111011001110011111010001101  
   1269 +0 01110111011001110011111010001101  
   1270 +0 01110111011001110011111010001101  
   1271 +0 01110111011001110011111010001101  
t  1272 +0 10110101011001110011111010000000  
   1273 +0 10110101011001110011111010000000  
   1274 +0 10110101011001110011111010000000  
   1275 +0 10110101011001110011111010000000  
   1276 +0 10110101011001110011111010000000  
   1277 +0 10110101011001110011111010000000  
   1278 +0 10110101011001110011111010000000  
   1279 +0 10110101011001110011111010000000  
t  1280 +0 11111000011001100011111010001011  
   1281 +0 11111000011001100011111010001011  
   1282 +0 11111000011001100011111010001011  
   1283 +0 11111000011001100011111010001011  
   1284 +0 11111000011001100011111010001011  
   1285 +0 11111000011001100011111010001011  
   1286 +0 11111000011001100011111010001011  
   1287 +0 11111000011001100011111010001011  
t  1288 +0 01111010011001100011111010001000  
   1289 +0 01111010011001100011111010001000  
   1290 +0 01111010011001100011111010001000  
   1291 +0 01111010011001100011111010001000  
   1292 +0 01111010011001100011111010001000  
   1293 +0 01111010011001100011111010001000  
   1294 +0 01111010011001100011111010001000  
   1295 +0 01111010011001100011111010001000  
t  1296 +0 10000011011001110011111010000001  
   1297 +0 10000011011001110011111010000001  
   1298 +0 10000011011001110011111010000001  
   1299 +0 10000011011001110011111010000001  
   1300 +0 10000011011001110011111010000001  
   1301 +0 10000011011001110011111010000001  
   1302 +0 10000011011001110011111010000001  
   1303 +0 10000011011001110011111010000001  
t  1304 +0 01100110011001110011111010000000  
   1305 +0 01100110011001110011111010000000  
   1306 +0 01100110011001110011111010000000  
   1307 +0 01100110011001110011111010000000  
   1308 +0 01100110011001110011111010000000  
   1309 +0 01100110011001110011111010000000  
   1310 +0 01100110011001110011111010000000  
   1311 +0 01100110011001110011111010000000  
t  1312 +0 00011110011010000011111010001010  
   1313 +0 00011110011010000011111010001010  
   1314 +0 00011110011010000011111010001010  
   1315 +0 00011110011010000011111010001010  
   1316 +0 00011110011010000011111010001010  
   1317 +0 00011110011010000011111010001010  
   1318 +0 00011110011010000011111010001010  
   1319 +0 00011110011010000011111010001010  
t  1320 +0 10111110011001110011111010000000  
   1321 +0 10111110011001110011111010000000  
   1322 +0 10111110011001110011111010000000  
   1323 +0 10111110011001110011111010000000  
   1324 +0 10111110011001110011111010000000  
   1325 +0 10111110011001110011111010000000  
   1326 +0 10111110011001110011111010000000  
   1327 +0 10111110011001110011111010000000  
t  1328 +0 01001110011001110011111010001011  
   1329 +0 01001110011001110011111010001011  
   1330 +0 01001110011001110011111010001011  
   1331 +0 01001110011001110011111010001011  
   1332 +0 01001110011001110011111010001011  
   1333 +0 01001110011001110011111010001011  
   1334 +0 01001110011001110011111010001011  
   1335 +0 01001110011001110011111010001011  
t  1336 +0 11111000011001100011111010001111  
   1337 +0 11111000011001100011111010001111  
   1338 +0 11111000011001100011111010001111  
   1339 +0 11111000011001100011111010001111  
   1340 +0 11111000011001100011111010001111  
   1341 +0 11111000011001100011111010001111  
   1342 +0 11111000011001100011111010001111  
   1343 +0 11111000011001100011111010001111  
t  1344 +0 00100111011010000011111010001100  
   1345 +0 00100111011010000011111010001100  
   1346 +0 00100111011010000011111010001100  
   1347 +0 00100111011010000011111010001100  
   1348 +0 00100111011010000011111010001100  
   1349 +0 00100111011010000011111010001100  
   1350 +0 00100111011010000011111010001100  
   1351 +0 00100111011010000011111010001100  
t  1352 +0 01000111011010000011111010001111  
   1353 +0 01000111011010000011111010001111  
   1354 +0 01000111011010000011111010001111  
   1355 +0 01000111011010000011111010001111  
   1356 +0 01000111011010000011111010001111  
   1357 +0 01000111011010000011111010001111  
   1358 +0 01000111011010000011111010001111  
   1359 +0 01000111011010000011111010001111  
t  1360 +0 11010000011001110011111010001101  
   1361 +0 11010000011001110011111010001101  
   1362 +0 11010000011001110011111010001101  
   1363 +0 11010000011001110011111010001101  
   1364 +0 11010000011001110011111010001101  
   1365 +0 11010000011001110011111010001101  
   1366 +0 11010000011001110011111010001101  
   1367 +0 11010000011001110011111010001101  
t  1368 +0 10011110011001110011111010000101  
   1369 +0 10011110011001110011111010000101  
   1370 +0 10011110011001110011111010000101  
   1371 +0 10011110011001110011111010000101  
   1372 +0 10011110011001110011111010000101  
   1373 +0 10011110011001110011111010000101  
   1374 +0 10011110011001110011111010000101  
   1375 +0 10011110011001110011111010000101  
t  1376 +0 11110100011001110011111010001100  
   1377 +0 11110100011001110011111010001100  
   1378 +0 11110100011001110011111010001100  
   1379 +0 11110100011001110011111010001100  
   1380 +0 11110100011001110011111010001100  
   1381 +0 11110100011001110011111010001100  
   1382 +0 11110100011001110011111010001100  
   1383 +0 11110100011001110011111010001100  
t  1384 +0 00010010011001110011111010001101  
   1385 +0 00010010011001110011111010001101  
   1386 +0 00010010011001110011111010001101  
   1387 +0 00010010011001110011111010001101  
   1388 +0 00010010011001110011111010001101  
   1389 +0 00010010011001110011111010001101  
   1390 +0 00010010011001110011111010001101  
   1391 +0 00010010011001110011111010001101  
t  1392 +0 01100000011001110011111010000111  
   1393 +0 01100000011001110011111010000111  
   1394 +0 01100000011001110011111010000111  
   1395 +0 01100000011001110011111010000111  
   1396 +0 01100000011001110011111010000111  
   1397 +0 01100000011001110011111010000111  
   1398 +0 01100000011001110011111010000111  
   1399 +0 01100000011001110011111010000111  
t  1400 +0 10101001011001110011111010000100  
   1401 +0 10101001011001110011111010000100  
   1402 +0 10101001011001110011111010000100  
   1403 +0 10101001011001110011111010000100  
   1404 +0 10101001011001110011111010000100  
   1405 +0 10101001011001110011111010000100  
   1406 +0 10101001011001110011111010000100  
   1407 +0 10101001011001110011111010000100  
t  1408 +0 01001100011010000011111010001111  
   1409 +0 01001100011010000011111010001111  
   1410 +0 01001100011010000011111010001111  
   1411 +0 01001100011010000011111010001111  
   1412 +0 01001100011010000011111010001111  
   1413 +0 01001100011010000011111010001111  
   1414 +0 01001100011010000011111010001111  
   1415 +0 01001100011010000011111010001111  
t  1416 +0 01110101011001100011111010001000  
   1417 +0 01110101011001100011111010001000  
   1418 +0 01110101011001100011111010001000  
   1419 +0 01110101011001100011111010001000  
   1420 +0 01110101011001100011111010001000  
   1421 +0 01110101011001100011111010001000  
   1422 +0 01110101011001100011111010001000  
   1423 +0 01110101011001100011111010001000  
t  1424 +0 11100100011001110011111010000000  
   1425 +0 11100100011001110011111010000000  
   1426 +0 11100100011001110011111010000000  
   1427 +0 11100100011001110011111010000000  
   1428 +0 11100100011001110011111010000000  
   1429 +0 11100100011001110011111010000000  
   1430 +0 11100100011001110011111010000000  
   1431 +0 11100100011001110011111010000000  
t  1432 +0 00101110011010000011111010001110  
   1433 +0 00101110011010000011111010001110  
   1434 +0 00101110011010000011111010001110  
   1435 +0 00101110011010000011111010001110  
   1436 +0 00101110011010000011111010001110  
   1437 +0 00101110011010000011111010001110  
   1438 +0 00101110011010000011111010001110  
   1439 +0 00101110011010000011111010001110  
t  1440 +0 00001101011010000011111010001001  
   1441 +0 00001101011010000011111010001001  
   1442 +0 00001101011010000011111010001001  
   1443 +0 00001101011010000011111010001001  
   1444 +0 00001101011010000011111010001001  
   1445 +0 00001101011010000011111010001001  
   1446 +0 00001101011010000011111010001001  
   1447 +0 00001101011010000011111010001001  
t  1448 +0 11000100011001100011111010001011  
   1449 +0 11000100011001100011111010001011  
   1450 +0 11000100011001100011111010001011  
   1451 +0 11000100011001100011111010001011  
   1452 +0 11000100011001100011111010001011  
   1453 +0 11000100011001100011111010001011  
   1454 +0 11000100011001100011111010001011  
   1455 +0 11000100011001100011111010001011  
t  1456 +0 00110101011001110011111010000101  
   1457 +0 00110101011001110011111010000101  
   1458 +0 00110101011001110011111010000101  
   1459 +0 00110101011001110011111010000101  
   1460 +0 00110101011001110011111010000101  
   1461 +0 00110101011001110011111010000101  
   1462 +0 00110101011001110011111010000101  
   1463 +0 00110101011001110011111010000101  
t  1464 +0 10001110011001100011111010000011  
   1465 +0 10001110011001100011111010000011  
   1466 +0 10001110011001100011111010000011  
   1467 +0 10001110011001100011111010000011  
   1468 +0 10001110011001100011111010000011  
   1469 +0 10001110011001100011111010000011  
   1470 +0 10001110011001100011111010000011  
   1471 +0 10001110011001100011111010000011  
t  1472 +0 10011101011001110011111010000010  
   1473 +0 10011101011001110011111010000010  
   1474 +0 10011101011001110011111010000010  
   1475 +0 10011101011001110011111010000010  
   1476 +0 10011101011001110011111010000010  
   1477 +0 10011101011001110011111010000010  
   1478 +0 10011101011001110011111010000010  
   1479 +0 10011101011001110011111010000010  
t  1480 +0 00001001011010000011111010000001  
   1481 +0 00001001011010000011111010000001  
   1482 +0 00001001011010000011111010000001  
   1483 +0 00001001011010000011111010000001  
   1484 +0 00001001011010000011111010000001  
   1485 +0 00001001011010000011111010000001  
   1486 +0 00001001011010000011111010000001  
   1487 +0 00001001011010000011111010000001  
t  1488 +0 11110101011001110011111010001010  
   1489 +0 11110101011001110011111010001010  
   1490 +0 11110101011001110011111010001010  
   1491 +0 11110101011001110011111010001010  
   1492 +0 11110101011001110011111010001010  
   1493 +0 11110101011001110011111010001010  
   1494 +0 11110101011001110011111010001010  
   1495 +0 11110101011001110011111010001010  
t  1496 +0 10011100011001110011111010001100  
   1497 +0 10011100011001110011111010001100  
   1498 +0 10011100011001110011111010001100  
   1499 +0 10011100011001110011111010001100  
   1500 +0 10011100011001110011111010001100  
   1501 +0 10011100011001110011111010001100  
   1502 +0 10011100011001110011111010001100  
   1503 +0 10011100011001110011111010001100  
t  1504 +0 11001110011001100011111010001001  
   1505 +0 11001110011001100011111010001001  
   1506 +0 11001110011001100011111010001001  
   1507 +0 11001110011001100011111010001001  
   1508 +0 11001110011001100011111010001001  
   1509 +0 11001110011001100011111010001001  
   1510 +0 11001110011001100011111010001001  
   1511 +0 11001110011001100011111010001001  
t  1512 +0 01101100011001110011111010001100  
   1513 +0 01101100011001110011111010001100  
   1514 +0 01101100011001110011111010001100  
   1515 +0 01101100011001110011111010001100  
   1516 +0 01101100011001110011111010001100  
   1517 +0 01101100011001110011111010001100  
   1518 +0 01101100011001110011111010001100  
   1519 +0 01101100011001110011111010001100  
t  1520 +0 00101011011001110011111010000100  
   1521 +0 00101011011001110011111010000100  
   1522 +0 00101011011001110011111010000100  
   1523 +0 00101011011001110011111010000100  
   1524 +0 00101011011001110011111010000100  
   1525 +0 00101011011001110011111010000100  
   1526 +0 00101011011001110011111010000100  
   1527 +0 00101011011001110011111010000100  
t  1528 +0 10001000011001110011111010001101  
   1529 +0 10001000011001110011111010001101  
   1530 +0 10001000011001110011111010001101  
   1531 +0 10001000011001110011111010001101  
   1532 +0 10001000011001110011111010001101  
   1533 +0 10001000011001110011111010001101  
   1534 +0 10001000011001110011111010001101  
   1535 +0 10001000011001110011111010001101  
t  1536 +0 11001011011001110011111010000110  
   1537 +0 11001011011001110011111010000110  
   1538 +0 11001011011001110011111010000110  
   1539 +0 11001011011001110011111010000110  
   1540 +0 11001011011001110011111010000110  
   1541 +0 11001011011001110011111010000110  
   1542 +0 11001011011001110011111010000110  
   1543 +0 11001011011001110011111010000110  
t  1544 +0 11101100011001100011111010001011  
   1545 +0 11101100011001100011111010001011  
   1546 +0 11101100011001100011111010001011  
   1547 +0 11101100011001100011111010001011  
   1548 +0 11101100011001100011111010001011  
   1549 +0 11101100011001100011111010001011  
   1550 +0 11101100011001100011111010001011  
   1551 +0 11101100011001100011111010001011  
t  1552 +0 11100100011001110011111010001100  
   1553 +0 11100100011001110011111010001100  
   1554 +0 11100100011001110011111010001100  
   1555 +0 11100100011001110011111010001100  
   1556 +0 11100100011001110011111010001100  
   1557 +0 11100100011001110011111010001100  
   1558 +0 11100100011001110011111010001100  
   1559 +0 11100100011001110011111010001100  
t  1560 +0 01011010011010000011111010000001  
   1561 +0 01011010011010000011111010000001  
   1562 +0 01011010011010000011111010000001  
   1563 +0 01011010011010000011111010000001  
   1564 +0 01011010011010000011111010000001  
   1565 +0 01011010011010000011111010000001  
   1566 +0 01011010011010000011111010000001  
   1567 +0 01011010011010000011111010000001  
t  1568 +0 11010001011001100011111010001111  
   1569 +0 11010001011001100011111010001111  
   1570 +0 11010001011001100011111010001111  
   1571 +0 11010001011001100011111010001111  
   1572 +0 11010001011001100011111010001111  
   1573 +0 11010001011001100011111010001111  
   1574 +0 11010001011001100011111010001111  
   1575 +0 11010001011001100011111010001111  
t  1576 +0 01001110011001110011111010001011  
   1577 +0 01001110011001110011111010001011  
   1578 +0 01001110011001110011111010001011  
   1579 +0 01001110011001110011111010001011  
   1580 +0 01001110011001110011111010001011  
   1581 +0 01001110011001110011111010001011  
   1582 +0 01001110011001110011111010001011  
   1583 +0 01001110011001110011111010001011  
t  1584 +0 11011001011001110011111010001011  
   1585 +0 11011001011001110011111010001011  
   1586 +0 11011001011001110011111010001011  
   1587 +0 11011001011001110011111010001011  
   1588 +0 11011001011001110011111010001011  
   1589 +0 11011001011001110011111010001011  
   1590 +0 11011001011001110011111010001011  
   1591 +0 11011001011001110011111010001011  
t  1592 +0 11100111011001110011111010000101  
   1593 +0 11100111011001110011111010000101  
   1594 +0 11100111011001110011111010000101  
   1595 +0 11100111011001110011111010000101  
   1596 +0 11100111011001110011111010000101  
   1597 +0 11100111011001110011111010000101  
   1598 +0 11100111011001110011111010000101  
   1599 +0 11100111011001110011111010000101  
t  1600 +0 01001011011010000011111010000110  
   1601 +0 01001011011010000011111010000110  
   1602 +0 01001011011010000011111010000110  
   1603 +0 01001011011010000011111010000110  
   1604 +0 01001011011010000011111010000110  
   1605 +0 01001011011010000011111010000110  
   1606 +0 01001011011010000011111010000110  
   1607 +0 01001011011010000011111010000110  
t  1608 +0 10110111011001110011111010000111  
   1609 +0 10110111011001110011111010000111  
   1610 +0 10110111011001110011111010000111  
   1611 +0 10110111011001110011111010000111  
   1612 +0 10110111011001110011111010000111  
   1613 +0 10110111011001110011111010000111  
   1614 +0 10110111011001110011111010000111  
   1615 +0 10110111011001110011111010000111  
t  1616 +0 10111100011001110011111010000100  
   1617 +0 10111100011001110011111010000100  
   1618 +0 10111100011001110011111010000100  
   1619 +0 10111100011001110011111010000100  
   1620 +0 10111100011001110011111010000100  
   1621 +0 10111100011001110011111010000100  
   1622 +0 10111100011001110011111010000100  
   1623 +0 10111100011001110011111010000100  
t  1624 +0 00000110011010000011111010001101  
   1625 +0 00000110011010000011111010001101  
   1626 +0 00000110011010000011111010001101  
   1627 +0 00000110011010000011111010001101  
   1628 +0 00000110011010000011111010001101  
   1629 +0 00000110011010000011111010001101  
   1630 +0 00000110011010000011111010001101  
   1631 +0 00000110011010000011111010001101  
t  1632 +0 10100001011001100011111010001100  
   1633 +0 10100001011001100011111010001100  
   1634 +0 10100001011001100011111010001100  
   1635 +0 10100001011001100011111010001100  
   1636 +0 10100001011001100011111010001100  
   1637 +0 10100001011001100011111010001100  
   1638 +0 10100001011001100011111010001100  
   1639 +0 10100001011001100011111010001100  
t  1640 +0 01110101011001100011111010001011  
   1641 +0 01110101011001100011111010001011  
   1642 +0 01110101011001100011111010001011  
   1643 +0 01110101011001100011111010001011  
   1644 +0 01110101011001100011111010001011  
   1645 +0 01110101011001100011111010001011  
   1646 +0 01110101011001100011111010001011  
   1647 +0 01110101011001100011111010001011  
t  1648 +0 10000100011001110011111010001000  
   1649 +0 10000100011001110011111010001000  
   1650 +0 10000100011001110011111010001000  
   1651 +0 10000100011001110011111010001000  
   1652 +0 10000100011001110011111010001000  
   1653 +0 10000100011001110011111010001000  
   1654 +0 10000100011001110011111010001000  
   1655 +0 10000100011001110011111010001000  
t  1656 +0 00111001011010000011111010001001  
   1657 +0 00111001011010000011111010001001  
   1658 +0 00111001011010000011111010001001  
   1659 +0 00111001011010000011111010001001  
   1660 +0 00111001011010000011111010001001  
   1661 +0 00111001011010000011111010001001  
   1662 +0 00111001011010000011111010001001  
   1663 +0 00111001011010000011111010001001  
t  1664 +0 00010001011010000011111010001110  
   1665 +0 00010001011010000011111010001110  
   1666 +0 00010001011010000011111010001110  
   1667 +0 00010001011010000011111010001110  
   1668 +0 00010001011010000011111010001110  
   1669 +0 00010001011010000011111010001110  
   1670 +0 00010001011010000011111010001110  
   1671 +0 00010001011010000011111010001110  
t  1672 +0 01010101011001110011111010000110  
   1673 +0 01010101011001110011111010000110  
   1674 +0 01010101011001110011111010000110  
   1675 +0 01010101011001110011111010000110  
   1676 +0 01010101011001110011111010000110  
   1677 +0 01010101011001110011111010000110  
   1678 +0 01010101011001110011111010000110  
   1679 +0 01010101011001110011111010000110  
t  1680 +0 01010010011001110011111010000010  
   1681 +0 01010010011001110011111010000010  
   1682 +0 01010010011001110011111010000010  
   1683 +0 01010010011001110011111010000010  
   1684 +0 01010010011001110011111010000010  
   1685 +0 01010010011001110011111010000010  
   1686 +0 01010010011001110011111010000010  
   1687 +0 01010010011001110011111010000010  
t  1688 +0 11101010011001100011111010000111  
   1689 +0 11101010011001100011111010000111  
   1690 +0 11101010011001100011111010000111  
   1691 +0 11101010011001100011111010000111  
   1692 +0 11101010011001100011111010000111  
   1693 +0 11101010011001100011111010000111  
   1694 +0 11101010011001100011111010000111  
   1695 +0 11101010011001100011111010000111  
t  1696 +0 11001000011001110011111010000111  
   1697 +0 11001000011001110011111010000111  
   1698 +0 11001000011001110011111010000111  
   1699 +0 11001000011001110011111010000111  
   1700 +0 11001000011001110011111010000111  
   1701 +0 11001000011001110011111010000111  
   1702 +0 11001000011001110011111010000111  
   1703 +0 11001000011001110011111010000111  
t  1704 +0 00010010011001110011111010001001  
   1705 +0 00010010011001110011111010001001  
   1706 +0 00010010011001110011111010001001  
   1707 +0 00010010011001110011111010001001  
   1708 +0 00010010011001110011111010001001  
   1709 +0 00010010011001110011111010001001  
   1710 +0 00010010011001110011111010001001  
   1711 +0 00010010011001110011111010001001  
t  1712 +0 10011101011001110011111010001000  
   1713 +0 10011101011001110011111010001000  
   1714 +0 10011101011001110011111010001000  
   1715 +0 10011101011001110011111010001000  
   1716 +0 10011101011001110011111010001000  
   1717 +0 10011101011001110011111010001000  
   1718 +0 10011101011001110011111010001000  
   1719 +0 10011101011001110011111010001000  
t  1720 +0 10100101011001110011111010001110  
   1721 +0 10100101011001110011111010001110  
   1722 +0 10100101011001110011111010001110  
   1723 +0 10100101011001110011111010001110  
   1724 +0 10100101011001110011111010001110  
   1725 +0 10100101011001110011111010001110  
   1726 +0 10100101011001110011111010001110  
   1727 +0 10100101011001110011111010001110  
t  1728 +0 11100111011001110011111010001101  
   1729 +0 11100111011001110011111010001101  
   1730 +0 11100111011001110011111010001101  
   1731 +0 11100111011001110011111010001101  
   1732 +0 11100111011001110011111010001101  
   1733 +0 11100111011001110011111010001101  
   1734 +0 11100111011001110011111010001101  
   1735 +0 11100111011001110011111010001101  
t  1736 +0 01010100011001110011111010000001  
   1737 +0 01010100011001110011111010000001  
   1738 +0 01010100011001110011111010000001  
   1739 +0 01010100011001110011111010000001  
   1740 +0 01010100011001110011111010000001  
   1741 +0 01010100011001110011111010000001  
   1742 +0 01010100011001110011111010000001  
   1743 +0 01010100011001110011111010000001  
t  1744 +0 01010000011001110011111010001011  
   1745 +0 01010000011001110011111010001011  
   1746 +0 01010000011001110011111010001011  
   1747 +0 01010000011001110011111010001011  
   1748 +0 01010000011001110011111010001011  
   1749 +0 01010000011001110011111010001011  
   1750 +0 01010000011001110011111010001011  
   1751 +0 01010000011001110011111010001011  
t  1752 +0 10100000011001110011111010001100  
   1753 +0 10100000011001110011111010001100  
   1754 +0 10100000011001110011111010001100  
   1755 +0 10100000011001110011111010001100  
   1756 +0 10100000011001110011111010001100  
   1757 +0 10100000011001110011111010001100  
   1758 +0 10100000011001110011111010001100  
   1759 +0 10100000011001110011111010001100  
t  1760 +0 00100010011001110011111010000100  
   1761 +0 00100010011001110011111010000100  
   1762 +0 00100010011001110011111010000100  
   1763 +0 00100010011001110011111010000100  
   1764 +0 00100010011001110011111010000100  
   1765 +0 00100010011001110011111010000100  
   1766 +0 00100010011001110011111010000100  
   1767 +0 00100010011001110011111010000100  
t  1768 +0 10000010011001110011111010001010  
   1769 +0 10000010011001110011111010001010  
   1770 +0 10000010011001110011111010001010  
   1771 +0 10000010011001110011111010001010  
   1772 +0 10000010011001110011111010001010  
   1773 +0 10000010011001110011111010001010  
   1774 +0 10000010011001110011111010001010  
   1775 +0 10000010011001110011111010001010  
t  1776 +0 10111111011001110011111010001001  
   1777 +0 10111111011001110011111010001001  
   1778 +0 10111111011001110011111010001001  
   1779 +0 10111111011001110011111010001001  
   1780 +0 10111111011001110011111010001001  
   1781 +0 10111111011001110011111010001001  
   1782 +0 10111111011001110011111010001001  
   1783 +0 10111111011001110011111010001001  
t  1784 +0 11001100011001110011111010000001  
   1785 +0 11001100011001110011111010000001  
   1786 +0 11001100011001110011111010000001  
   1787 +0 11001100011001110011111010000001  
   1788 +0 11001100011001110011111010000001  
   1789 +0 11001100011001110011111010000001  
   1790 +0 11001100011001110011111010000001  
   1791 +0 11001100011001110011111010000001  
t  1792 +0 00100100011010000011111010001000  
   1793 +0 00100100011010000011111010001000  
   1794 +0 00100100011010000011111010001000  
   1795 +0 00100100011010000011111010001000  
   1796 +0 00100100011010000011111010001000  
   1797 +0 00100100011010000011111010001000  
   1798 +0 00100100011010000011111010001000  
   1799 +0 00100100011010000011111010001000  
t  1800 +0 00101100011010000011111010000110  
   1801 +0 00101100011010000011111010000110  
   1802 +0 00101100011010000011111010000110  
   1803 +0 00101100011010000011111010000110  
   1804 +0 00101100011010000011111010000110  
   1805 +0 00101100011010000011111010000110  
   1806 +0 00101100011010000011111010000110  
   1807 +0 00101100011010000011111010000110  
t  1808 +0 00011011011010000011111010001110  
   1809 +0 00011011011010000011111010001110  
   1810 +0 00011011011010000011111010001110  
   1811 +0 00011011011010000011111010001110  
   1812 +0 00011011011010000011111010001110  
   1813 +0 00011011011010000011111010001110  
   1814 +0 00011011011010000011111010001110  
   1815 +0 00011011011010000011111010001110  
t  1816 +0 11011000011001110011111010001110  
   1817 +0 11011000011001110011111010001110  
   1818 +0 11011000011001110011111010001110  
   1819 +0 11011000011001110011111010001110  
   1820 +0 11011000011001110011111010001110  
   1821 +0 11011000011001110011111010001110  
   1822 +0 11011000011001110011111010001110  
   1823 +0 11011000011001110011111010001110  
t  1824 +0 01110011011001110011111010000001  
   1825 +0 01110011011001110011111010000001  
   1826 +0 01110011011001110011111010000001  
   1827 +0 01110011011001110011111010000001  
   1828 +0 01110011011001110011111010000001  
   1829 +0 01110011011001110011111010000001  
   1830 +0 01110011011001110011111010000001  
   1831 +0 01110011011001110011111010000001  
t  1832 +0 01001001011001110011111010000000  
   1833 +0 01001001011001110011111010000000  
   1834 +0 01001001011001110011111010000000  
   1835 +0 01001001011001110011111010000000  
   1836 +0 01001001011001110011111010000000  
   1837 +0 01001001011001110011111010000000  
   1838 +0 01001001011001110011111010000000  
   1839 +0 01001001011001110011111010000000  
t  1840 +0 01000110011001110011111010001001  
   1841 +0 01000110011001110011111010001001  
   1842 +0 01000110011001110011111010001001  
   1843 +0 01000110011001110011111010001001  
   1844 +0 01000110011001110011111010001001  
   1845 +0 01000110011001110011111010001001  
   1846 +0 01000110011001110011111010001001  
   1847 +0 01000110011001110011111010001001  
t  1848 +0 10110001011001110011111010001010  
   1849 +0 10110001011001110011111010001010  
   1850 +0 10110001011001110011111010001010  
   1851 +0 10110001011001110011111010001010  
   1852 +0 10110001011001110011111010001010  
   1853 +0 10110001011001110011111010001010  
   1854 +0 10110001011001110011111010001010  
   1855 +0 10110001011001110011111010001010  
t  1856 +0 00000100011001110011111010001010  
   1857 +0 00000100011001110011111010001010  
   1858 +0 00000100011001110011111010001010  
   1859 +0 00000100011001110011111010001010  
   1860 +0 00000100011001110011111010001010  
   1861 +0 00000100011001110011111010001010  
   1862 +0 00000100011001110011111010001010  
   1863 +0 00000100011001110011111010001010  
t  1864 +0 10111010011001100011111010000101  
   1865 +0 10111010011001100011111010000101  
   1866 +0 10111010011001100011111010000101  
   1867 +0 10111010011001100011111010000101  
   1868 +0 10111010011001100011111010000101  
   1869 +0 10111010011001100011111010000101  
   1870 +0 10111010011001100011111010000101  
   1871 +0 10111010011001100011111010000101  
t  1872 +0 01010111011001110011111010001001  
   1873 +0 01010111011001110011111010001001  
   1874 +0 01010111011001110011111010001001  
   1875 +0 01010111011001110011111010001001  
   1876 +0 01010111011001110011111010001001  
   1877 +0 01010111011001110011111010001001  
   1878 +0 01010111011001110011111010001001  
   1879 +0 01010111011001110011111010001001  
t  1880 +0 01000110011001110011111010001000  
   1881 +0 01000110011001110011111010001000  
   1882 +0 01000110011001110011111010001000  
   1883 +0 01000110011001110011111010001000  
   1884 +0 01000110011001110011111010001000  
   1885 +0 01000110011001110011111010001000  
   1886 +0 01000110011001110011111010001000  
   1887 +0 01000110011001110011111010001000  
t  1888 +0 10010111011001110011111010000100  
   1889 +0 10010111011001110011111010000100  
   1890 +0 10010111011001110011111010000100  
   1891 +0 10010111011001110011111010000100  
   1892 +0 10010111011001110011111010000100  
   1893 +0 10010111011001110011111010000100  
   1894 +0 10010111011001110011111010000100  
   1895 +0 10010111011001110011111010000100  
t  1896 +0 01110100011001110011111010001101  
   1897 +0 01110100011001110011111010001101  
   1898 +0 01110100011001110011111010001101  
   1899 +0 01110100011001110011111010001101  
   1900 +0 01110100011001110011111010001101  
   1901 +0 01110100011001110011111010001101  
   1902 +0 01110100011001110011111010001101  
   1903 +0 01110100011001110011111010001101  
t  1904 +0 00011011011001110011111010001001  
   1905 +0 00011011011001110011111010001001  
   1906 +0 00011011011001110011111010001001  
   1907 +0 00011011011001110011111010001001  
   1908 +0 00011011011001110011111010001001  
   1909 +0 00011011011001110011111010001001  
   1910 +0 00011011011001110011111010001001  
   1911 +0 00011011011001110011111010001001  
t  1912 +0 10100010011001110011111010000110  
   1913 +0 10100010011001110011111010000110  
   1914 +0 10100010011001110011111010000110  
   1915 +0 10100010011001110011111010000110  
   1916 +0 10100010011001110011111010000110  
   1917 +0 10100010011001110011111010000110  
   1918 +0 10100010011001110011111010000110  
   1919 +0 10100010011001110011111010000110  
t  1920 +0 01010011011001110011111010001000  
   1921 +0 01010011011001110011111010001000  
   1922 +0 01010011011001110011111010001000  
   1923 +0 01010011011001110011111010001000  
   1924 +0 01010011011001110011111010001000  
   1925 +0 01010011011001110011111010001000  
   1926 +0 01010011011001110011111010001000  
   1927 +0 01010011011001110011111010001000  
t  1928 +0 00011110011001110011111010000000  
   1929 +0 00011110011001110011111010000000  
   1930 +0 00011110011001110011111010000000  
   1931 +0 00011110011001110011111010000000  
   1932 +0 00011110011001110011111010000000  
   1933 +0 00011110011001110011111010000000  
   1934 +0 00011110011001110011111010000000  
   1935 +0 00011110011001110011111010000000  
t  1936 +0 00010010011001110011111010001010  
   1937 +0 00010010011001110011111010001010  
   1938 +0 00010010011001110011111010001010  
   1939 +0 00010010011001110011111010001010  
   1940 +0 00010010011001110011111010001010  
   1941 +0 00010010011001110011111010001010  
   1942 +0 00010010011001110011111010001010  
   1943 +0 00010010011001110011111010001010  
t  1944 +0 00010110011001110011111010000000  
   1945 +0 00010110011001110011111010000000  
   1946 +0 00010110011001110011111010000000  
   1947 +0 00010110011001110011111010000000  
   1948 +0 00010110011001110011111010000000  
   1949 +0 00010110011001110011111010000000  
   1950 +0 00010110011001110011111010000000  
   1951 +0 00010110011001110011111010000000  
t  1952 +0 01100001011001100011111010001111  
   1953 +0 01100001011001100011111010001111  
   1954 +0 01100001011001100011111010001111  
   1955 +0 01100001011001100011111010001111  
   1956 +0 01100001011001100011111010001111  
   1957 +0 01100001011001100011111010001111  
   1958 +0 01100001011001100011111010001111  
   1959 +0 01100001011001100011111010001111  
t  1960 +0 10000011011001110011111010001110  
   1961 +0 10000011011001110011111010001110  
   1962 +0 10000011011001110011111010001110  
   1963 +0 10000011011001110011111010001110  
   1964 +0 10000011011001110011111010001110  
   1965 +0 10000011011001110011111010001110  
   1966 +0 10000011011001110011111010001110  
   1967 +0 10000011011001110011111010001110  
t  1968 +0 11011010011001100011111010000010  
   1969 +0 11011010011001100011111010000010  
   1970 +0 11011010011001100011111010000010  
   1971 +0 11011010011001100011111010000010  
   1972 +0 11011010011001100011111010000010  
   1973 +0 11011010011001100011111010000010  
   1974 +0 11011010011001100011111010000010  
   1975 +0 11011010011001100011111010000010  
t  1976 +0 10111001011001110011111010001110  
   1977 +0 10111001011001110011111010001110  
   1978 +0 10111001011001110011111010001110  
   1979 +0 10111001011001110011111010001110  
   1980 +0 10111001011001110011111010001110  
   1981 +0 10111001011001110011111010001110  
   1982 +0 10111001011001110011111010001110  
   1983 +0 10111001011001110011111010001110  
t  1984 +0 10010000011001110011111010001000  
   1985 +0 10010000011001110011111010001000  
   1986 +0 10010000011001110011111010001000  
   1987 +0 10010000011001110011111010001000  
   1988 +0 10010000011001110011111010001000  
   1989 +0 10010000011001110011111010001000  
   1990 +0 10010000011001110011111010001000  
   1991 +0 10010000011001110011111010001000  
t  1992 +0 11000001011001110011111010001010  
   1993 +0 11000001011001110011111010001010  
   1994 +0 11000001011001110011111010001010  
   1995 +0 11000001011001110011111010001010  
   1996 +0 11000001011001110011111010001010  
   1997 +0 11000001011001110011111010001010  
   1998 +0 11000001011001110011111010001010  
   1999 +0 11000001011001110011111010001010  
t  2000 +0 10110100011001100011111010000100  
   2001 +0 10110100011001100011111010000100  
   2002 +0 10110100011001100011111010000100  
   2003 +0 10110100011001100011111010000100  
   2004 +0 10110100011001100011111010000100  
   2005 +0 10110100011001100011111010000100  
   2006 +0 10110100011001100011111010000100  
   2007 +0 10110100011001100011111010000100  
t  2008 +0 01010000011001110011111010000111  
   2009 +0 01010000011001110011111010000111  
   2010 +0 01010000011001110011111010000111  
   2011 +0 01010000011001110011111010000111  
   2012 +0 01010000011001110011111010000111  
   2013 +0 01010000011001110011111010000111  
   2014 +0 01010000011001110011111010000111  
   2015 +0 01010000011001110011111010000111  
t  2016 +0 00011011011001110011111010000001  
   2017 +0 00011011011001110011111010000001  
   2018 +0 00011011011001110011111010000001  
   2019 +0 00011011011001110011111010000001  
   2020 +0 00011011011001110011111010000001  
   2021 +0 00011011011001110011111010000001  
   2022 +0 00011011011001110011111010000001  
   2023 +0 00011011011001110011111010000001  
t  2024 +0 11101110011001110011111010000110  
   2025 +0 11101110011001110011111010000110  
   2026 +0 11101110011001110011111010000110  
   2027 +0 11101110011001110011111010000110  
   2028 +0 11101110011001110011111010000110  
   2029 +0 11101110011001110011111010000110  
   2030 +0 11101110011001110011111010000110  
   2031 +0 11101110011001110011111010000110  
t  2032 +0 01111111011001100011111010000110  
   2033 +0 01111111011001100011111010000110  
   2034 +0 01111111011001100011111010000110  
   2035 +0 01111111011001100011111010000110  
   2036 +0 01111111011001100011111010000110  
   2037 +0 01111111011001100011111010000110  
   2038 +0 01111111011001100011111010000110  
   2039 +0 01111111011001100011111010000110  
t  2040 +0 00010001011001110011111010000010  
   2041 +0 00010001011001110011111010000010  
   2042 +0 00010001011001110011111010000010  
   2043 +0 00010001011001110011111010000010  
   2044 +0 00010001011001110011111010000010  
   2045 +0 00010001011001110011111010000010  
   2046 +0 00010001011001110011111010000010  
   2047 +0 00010001011001110011111010000010  
